0 0 0 4 0 0 2 0 0 
0 0 2 0 0 0 0 1 8 
5 0 6 9 0 0 0 3 0 
0 6 9 0 0 0 3 0 0 
0 5 0 0 0 0 0 2 1 
8 0 0 1 5 7 6 0 9 
0 0 0 0 3 0 9 6 0 
9 0 0 6 0 2 0 5 0 
0 0 0 0 0 0 7 0 2 

solution:
3 8 7 4 1 5 2 9 6 
4 9 2 7 6 3 5 1 8 
5 1 6 9 2 8 4 3 7 
1 6 9 2 8 4 3 7 5 
7 5 4 3 9 0 8 2 1 
8 2 3 1 5 7 6 4 9 
2 7 5 8 3 1 9 6 4 
9 4 8 6 7 2 1 5 3 
6 3 1 5 4 9 7 8 2 

8	9	4	1	3	5	6	7	2	
5	2	7	9	4	6	8	3	1	
1	6	3	7	2	8	5	4	9	
6	1	5	4	7	3	9	2	8	
2	4	9	5	8	1	7	6	3	
7	3	8	2	6	9	4	1	5	
3	8	2	6	9	4	1	5	7	
9	0	1	3	5	7	2	8	4	
4	7	6	8	1	2	3	9	6	

8	9	4	1	3	5	6	7	2	
5	2	7	9	4	6	8	3	1	
1	6	3	7	2	8	5	4	9	
6	5	1	4	7	3	9	2	8	
2	4	9	5	8	1	7	6	3	
7	3	8	2	6	9	4	1	5	
3	8	2	6	9	4	1	5	7	
9	1	0	3	5	7	2	8	4	
4	7	6	8	1	2	3	9	6	

8	9	4	1	3	5	6	7	2	
5	2	7	9	4	6	8	3	1	
1	6	3	7	2	8	5	4	9	
6	5	1	4	7	3	9	2	8	
2	4	9	5	8	1	7	6	3	
7	3	8	2	6	9	4	1	5	
3	8	2	6	9	4	1	5	7	
9	1	0	3	5	7	2	8	4	
4	7	6	8	1	2	3	9	6	

